%Rogowski coil for Labjack

yr = [ -0.000725
-0.000632
-0.000633
-0.000683
-0.000413
-0.000476
-0.000461
-0.000312
-0.000266
-0.000043
0.00002
-0.000317
-0.000295
0.00005
-0.000007
-0.000097
-0.000072
-0.000122
-0.000069
-0.000082
0.000016
0.00003
0.000243
0.000411
0.00047
0.000397
0.000498
0.000422
0.000572
0.001766
0.000412
0.001311
0.001044
0.001087
0.001139
0.001081
0.001124
0.001141
0.001129
0.001088
0.000914
0.00084
0.000873
0.000848
0.000843
0.000786
0.000875
0.000741
0.00083
0.000757
0.000823
0.000694
0.000524
0.000547
0.000389
0.0004
0.000527
0.000411
0.000342
0.000238
0.000145
0.000069
0.000074
0.000052
-0.000044
-0.000081
0.000016
-0.000008
0.000089
0.000068
0.000041
-0.000114
-0.000417
-0.000336
-0.000447
-0.000441
-0.000395
-0.000371
-0.00045
-0.00168
-0.00049
-0.001331
-0.000943
-0.001103
-0.001181
-0.001207
-0.001146
-0.001164
-0.001073
-0.001067
-0.001065
-0.000983
-0.000925
-0.000845
-0.000911
-0.000822
-0.000861
-0.000672
-0.000848
-0.00087
-0.000711
-0.000565
-0.000628
-0.000651
-0.000501
-0.000453
-0.00031
-0.000196
-0.000406
-0.000242
-0.000246
0.000009
-0.000077
-0.000422
-0.000276
-0.000005
-0.000002
-0.000117
0.000054
-0.000014
-0.000005
0.000057
0.000246
0.000294
0.000555
0.000516
0.000546
0.000573
0.000487
0.001532
0.000541
0.001396
0.000951
0.001036
0.001126
0.001131
0.00113
0.00118
0.001157
0.001071
0.000943
0.000833
0.000832
0.000785
0.000875
0.000777
0.001014
0.000765
0.000868
0.000827
0.000823
0.000682
0.000556
0.000455
0.000386
0.000514
0.000518
0.00044
0.0003
0.000158
0.000204
0.000163
-0.00026
0.000127
0.000152
0.000011
-0.000029
0.000132
-0.000027
0.000122
-0.00001
-0.000041
-0.000355
-0.000359
-0.000414
-0.000363
-0.000545
-0.000593
-0.000752
-0.001644
-0.000497
-0.001464
-0.001063
-0.001084
-0.001149
-0.001199
-0.001122
-0.001122
-0.001073
-0.001096
-0.001035
-0.001012
-0.000879
-0.000841
-0.000785
-0.000826
-0.001017
-0.000769
-0.000694
-0.000812
-0.000884
-0.000477
-0.000601
-0.000497
-0.00048
-0.000466
-0.000455
-0.000344
-0.000441
-0.000267
-0.0002
-0.000215
-0.000014
0.000083
0.000005
-0.000136
0.00003
0.00008
-0.000035
0.000015
0.000116
0.000109
0.000219
0.000298
0.000416
0.000378
0.000461
0.00049
0.000593
0.001793
0.000361
0.001354
0.001064
0.001017
0.001093
0.00118
0.001104
0.001173
0.001167
0.001099
0.000972
0.000902
0.000904
0.000804
0.000915
0.000731
0.000872
0.00079
0.00076
0.000687
0.000864
0.00077
0.000425
0.000463
0.000395
0.00044
0.00051
0.000328
0.000311
0.000074
0.000177
0.000218
0.000058
0.000153
0.000044
-0.000063
0.000068
-0.000065
0.000067
0.000074
-0.000025
0.000129
-0.000197
-0.000334
-0.000477
-0.000445
-0.000509
-0.000503
-0.000621
-0.002073
-0.000448
-0.001291
-0.00101
-0.001121
-0.001138
-0.001116
-0.001149
-0.001131
-0.001088
-0.001049
-0.000994
-0.001
-0.000899
-0.000871
-0.000891
-0.000847
-0.001003
-0.00077
-0.000791
-0.000615
-0.000622
-0.000669
-0.000612
-0.00049
-0.000481
-0.000559
-0.000541
-0.000361
-0.000249
-0.000157
-0.000139
-0.000227
-0.000073
-0.000012
-0.00005
-0.000175
0.000069
0.000085
0.000054
-0.00005
0.000093
0.000196
0.000364
0.000412
0.000445
0.000357
0.000509
0.000551
0.000612
0.001891
0.000429
0.001371
0.001015
0.000995
0.001039
0.001116
0.001174
0.001146
0.001056
0.001243
0.001089
0.000952
0.000908
0.000826
0.000865
0.00083
0.000772
0.000719
0.000732
0.000801
0.00065
0.000847
0.000585
0.000497
0.000391
0.000528
0.000426
0.00041
0.000379
0.000177
0.000095
0.000038
-0.000011
0.000064
0.000066
0.000067
0.000174
-0.000024
0.000013
0.000136
0.000135
-0.00011
-0.000344
-0.00042
-0.000574
-0.000431
-0.000464
-0.000513
-0.000597
-0.00195
-0.000458
-0.001291
-0.001075
-0.001161
-0.001054
-0.001073
-0.001139
-0.001175
-0.000996
-0.000972
-0.000989
-0.000845
-0.000934
-0.000882
-0.000899
-0.000848
-0.000966
-0.000803
-0.000743
-0.00062
-0.000658
-0.000652
-0.00066
-0.00054
-0.00036
-0.00063
-0.00067
-0.000354
-0.000246
-0.000172
-0.000186
-0.000139
-0.000098
-0.000007
-0.000045
-0.000031
-0.000079
-0.000134
0.000087
0.000051
-0.000097
-0.00012
0.000275
0.000423
0.000318
0.000456
0.000502
0.000575
0.000573
0.001857
0.000358
0.001268
0.001037
0.001103
0.00122
0.001095
0.00109
0.001208
0.001243
0.00107
0.000988
0.000957
0.000922
0.000865
0.000897
0.000816
0.00096
0.000766
0.00078
0.000785
0.000609
0.000516
0.000714
0.00064
0.000473
0.000328
0.000637
0.000459
0.000243
0.000321
-0.000079
0.000033
-0.000082
0.00008
0.000051
0.000012
0.000016
0.000008
0.000008
-0.000108
-0.000097
-0.000013
-0.000253
-0.000496
-0.000667
-0.000536
-0.000515
-0.000545
-0.000624
-0.001929
-0.000418
-0.001262
-0.001044
-0.001065
-0.001172
-0.00118
-0.001116
-0.001072
-0.001166
-0.001108
-0.000912
-0.000914
-0.001029
-0.000834
-0.000876
-0.000734
-0.000849
-0.000776
-0.000809
-0.000816
-0.000622
-0.000731
-0.000552
-0.000592
-0.000499
-0.000307
-0.00036
-0.00047
-0.000221
-0.000314
-0.000162
-0.000033
-0.000073
-0.000033
-0.000067
-0.000018
-0.000019
-0.00008
-0.000097
-0.000162
0.000189
0.000117
0.000214
0.000262
0.000594
0.00044
0.000422
0.000615
0.000575
0.002008
0.000432
0.001273
0.001056
0.001081
0.00116
0.00109
0.001099
0.001065
0.001057
0.00113
0.001001
0.000849
0.00078
0.000756
0.000875
0.000841
0.000998
0.000689
0.000734
0.000765
0.000708
0.000617
0.000589
0.000464
0.000423
0.000532
0.000477
0.000423
0.000329
0.000166
0.000014
0.000249
0.000081
0.000045
0.000084
0.000005
0.000009
-0.000016
-0.000023
-0.000043
0.000042
0.000002
-0.000176
-0.000378
-0.000533
-0.000476
-0.000521
-0.000528
-0.000663
-0.002052
-0.00052
-0.001206
-0.001082
-0.001094
-0.00113
-0.001162
-0.001179
-0.001211
-0.001052
-0.001066
-0.001029
-0.000968
-0.000859
-0.000879
-0.000893
-0.000775
-0.000936
-0.000844
-0.000806
-0.000724
-0.000702
-0.000547
-0.000643
-0.000699
-0.000601
-0.000604
-0.000361
-0.000279
-0.000364
-0.000161
-0.000107
-0.000243
-0.000106
-0.000089
-0.000068
0.000005
-0.000007
-0.000009
0.00002
-0.000092
0.000006
0.000079
0.000214
0.000264
0.000515
0.000453
0.000352
0.000404
0.000739
0.002124
0.000609
0.00118
0.001108
0.001034
0.001134
0.001103
0.001078
0.001121
0.001136
0.001103
0.001052
0.000931
0.000834
0.000793
0.000866
0.000778
0.00088
0.00081
0.00066
0.000717
0.000659
0.000703
0.000615
0.000548
0.000362
0.000546
0.00035
0.000412
0.000356
0.000342
0.000087
0.000075
0.000059
0.000071
0.000058
0.000081
0.000128
0.00004
0.000018
-0.000085
-0.000067
-0.000178
-0.000309
-0.000158
-0.000418
-0.000524
-0.00059
-0.000361
-0.000507
-0.002029
-0.000569
-0.001228
-0.001121
-0.001047
-0.001113
-0.001116
-0.00111
-0.001133
-0.001148
-0.001092
-0.001111
-0.001016
-0.000867
-0.000808
-0.000978
-0.000808
-0.000816
-0.000828
-0.000721
-0.000799
-0.000701
-0.000693
-0.000589
-0.000649
-0.000445
-0.000412
-0.000558
-0.000389
-0.000307
-0.000309
-0.000188
-0.000097
-0.00023
-0.000213
-0.000085
-0.000049
0.00002
0.000025
-0.000067
-0.00006
0.000085
0.000176
0.000414
0.000533
0.000302
0.000401
0.000569
0.000645
0.000482
0.001956
0.000594
0.001111
0.001065
0.00104
0.00114
0.001141
0.001095
0.001093
0.001042
0.001077
0.001068
0.001118
0.000884
0.000783
0.000819
0.00089
0.000917
0.000693
0.000827
0.000779
0.000734
0.000641
0.000717
0.000653
0.000523
0.000541
0.000467
0.000241
0.000066
0.000163
0.00024
0.00007
-0.000309
-0.000036
0.000088
-0.000002
0.000113
0.000061
0.000026
-0.000043
-0.000033
-0.000088
-0.000233
-0.000357
-0.000456
-0.000431
-0.000542
-0.000665
-0.000669
-0.001776
-0.000546
-0.00138
-0.001056
-0.001078
-0.001137
-0.001088
-0.001133
-0.00116
-0.001099
-0.001055
-0.000966
-0.00087
-0.00094
-0.000858
-0.000797
-0.000755
-0.000979
-0.000638
-0.000736
-0.000852
-0.000561
-0.00052
-0.000561
-0.000442
-0.000423
-0.000561
-0.000531
-0.000423
-0.000288
-0.000132
-0.000166
-0.000184
0.000037
0.000041
-0.000099
-0.000076
-0.000055
-0.000028
0.000042
-0.000014
0.00007
0.000211
0.000248
0.000365
0.00032
0.000303
0.000368
0.000498
0.00069
0.001855
0.000348
0.001268
0.001038
0.001009
0.001184
0.001195
0.001142
0.00106
0.0011
0.001091
0.000991
0.000949
0.000944
0.000807
0.000774
0.000675
0.00084
0.00077
0.000849
